server_name,surface,returner_name,context,n_points,p_wide,p_body,p_t
Aaron Krickstein,,,Overall,779,0.4287548138639281,0.10526315789473684,0.46598202824133506
Abedallah Shelbayh,,,Overall,138,0.4782608695652174,0.15217391304347827,0.3695652173913043
Adam Pavlasek,,,Overall,186,0.3817204301075269,0.0913978494623656,0.5268817204301075
Adam Walton,,,Overall,170,0.4411764705882353,0.047058823529411764,0.5117647058823529
Adrian Andreev,,,Overall,589,0.5076400679117148,0.03225806451612903,0.4601018675721562
Adrian Garcia,,,Overall,117,0.5897435897435898,0.08547008547008547,0.3247863247863248
Adrian Mannarino,,,Overall,5236,0.5498472116119175,0.07639419404125286,0.3737585943468296
Adrian Voinea,,,Overall,40,0.3,0.3,0.4
Adriano Panatta,,,Overall,353,0.46742209631728043,0.24645892351274787,0.28611898016997167
Adrien Bossel,,,Overall,41,0.3902439024390244,0.07317073170731707,0.5365853658536586
Agustin Calleri,,,Overall,82,0.5609756097560976,0.17073170731707318,0.2682926829268293
Agustin Velotti,,,Overall,44,0.5454545454545454,0.045454545454545456,0.4090909090909091
Aisam Ul Haq Qureshi,,,Overall,90,0.4777777777777778,0.15555555555555556,0.36666666666666664
Akira Santillan,,,Overall,54,0.42592592592592593,0.1111111111111111,0.46296296296296297
Alan Mackin,,,Overall,65,0.3384615384615385,0.36923076923076925,0.2923076923076923
Albano Olivetti,,,Overall,60,0.4666666666666667,0.1,0.43333333333333335
Albert Costa,,,Overall,728,0.5315934065934066,0.1043956043956044,0.364010989010989
Albert Montanes,,,Overall,134,0.5149253731343284,0.09701492537313433,0.3880597014925373
Albert Ramos,,,Overall,2002,0.4485514485514486,0.09140859140859141,0.46003996003996006
Alberto Berasategui,,,Overall,317,0.3911671924290221,0.10410094637223975,0.5047318611987381
Alberto Mancini,,,Overall,295,0.46440677966101696,0.15932203389830507,0.376271186440678
Alberto Martin,,,Overall,75,0.4266666666666667,0.10666666666666667,0.4666666666666667
Alejandro Davidovich Fokina,,,Overall,4829,0.41064402567819425,0.23213915924622075,0.357216815075585
Alejandro Falla,,,Overall,568,0.3732394366197183,0.12147887323943662,0.5052816901408451
Alejandro Gonzalez,,,Overall,93,0.3548387096774194,0.27956989247311825,0.3655913978494624
Alejandro Lopez Escribano,,,Overall,61,0.39344262295081966,0.3770491803278688,0.22950819672131148
Alejandro Moro Canas,,,Overall,199,0.4020100502512563,0.19095477386934673,0.40703517587939697
Alejandro Tabilo,,,Overall,1652,0.48365617433414043,0.13075060532687652,0.3855932203389831
Aleksandar Kovacevic,,,Overall,568,0.44014084507042256,0.04929577464788732,0.5105633802816901
Aleksandar Vukic,,,Overall,1114,0.48922800718132853,0.06912028725314183,0.44165170556552963
Aleksandr Nedovyesov,,,Overall,151,0.48344370860927155,0.2185430463576159,0.2980132450331126
Aleksandre Metreveli,,,Overall,96,0.5104166666666666,0.10416666666666667,0.3854166666666667
Alessandro Giannessi,,,Overall,156,0.47435897435897434,0.17307692307692307,0.3525641025641026
Alex Barrena,,,Overall,49,0.5714285714285714,0.20408163265306123,0.22448979591836735
Alex Bogdanovic,,,Overall,66,0.4393939393939394,0.12121212121212122,0.4393939393939394
Alex Bogomolov Jr,,,Overall,50,0.4,0.12,0.48
Alex Bolt,,,Overall,264,0.48484848484848486,0.030303030303030304,0.48484848484848486
Alex Corretja,,,Overall,1814,0.5033076074972437,0.15490628445424476,0.34178610804851156
Alex De Minaur,,,Overall,9455,0.4321523003701745,0.16615547329455316,0.40169222633527235
Alex Kuznetsov,,,Overall,53,0.33962264150943394,0.1320754716981132,0.5283018867924528
Alex Marti Pujolras,,,Overall,47,0.46808510638297873,0.2765957446808511,0.2553191489361702
Alex Michelsen,,,Overall,1295,0.5057915057915058,0.1613899613899614,0.3328185328185328
Alex Molcan,,,Overall,902,0.33813747228381374,0.17738359201773837,0.4844789356984479
Alex Radulescu,,,Overall,161,0.4658385093167702,0.10559006211180125,0.42857142857142855
Alexander Blockx,,,Overall,154,0.525974025974026,0.09740259740259741,0.37662337662337664
Alexander Bublik,,,Overall,6546,0.44958753437213567,0.07454934311029636,0.47586312251756796
Alexander Cozbinov,,,Overall,114,0.5526315789473685,0.2631578947368421,0.18421052631578946
Alexander Popp,,,Overall,142,0.3591549295774648,0.176056338028169,0.4647887323943662
Alexander Ritschard,,,Overall,62,0.3548387096774194,0.25806451612903225,0.3870967741935484
Alexander Shevchenko,,,Overall,1257,0.5107398568019093,0.07398568019093078,0.4152744630071599
Alexander Vasilenko,,,Overall,43,0.4883720930232558,0.23255813953488372,0.27906976744186046
Alexander Volkov,,,Overall,312,0.44871794871794873,0.13782051282051283,0.41346153846153844
Alexander Waske,,,Overall,58,0.29310344827586204,0.2413793103448276,0.46551724137931033
Alexander Zverev,,,Overall,14130,0.4503892427459306,0.06942675159235669,0.48018400566171265
Alexandr Dolgopolov,,,Overall,1931,0.6172967374417401,0.0735370274469187,0.3091662351113413
Alexandre Muller,,,Overall,933,0.4694533762057878,0.12111468381564845,0.40943193997856375
Alexandre Penaud,,,Overall,54,0.5185185185185185,0.3333333333333333,0.14814814814814814
Alexei Popyrin,,,Overall,2618,0.48739495798319327,0.07372039724980901,0.43888464476699773
Alexis Galarneau,,,Overall,301,0.5016611295681063,0.15614617940199335,0.34219269102990035
Aljaz Bedene,,,Overall,2179,0.4148692060578247,0.05828361633776962,0.5268471776044057
Altug Celikbilek,,,Overall,53,0.5094339622641509,0.22641509433962265,0.2641509433962264
Alvaro Guillen Meza,,,Overall,273,0.45787545787545786,0.01098901098901099,0.5311355311355311
Amir Weintraub,,,Overall,78,0.38461538461538464,0.1282051282051282,0.48717948717948717
Amos Mansdorf,,,Overall,103,0.42718446601941745,0.10679611650485436,0.46601941747572817
Anders Jarryd,,,Overall,106,0.5,0.05660377358490566,0.44339622641509435
Andre Agassi,,,Overall,18945,0.5453153866455529,0.06450250725785167,0.3901821060965954
Andrea Arnaboldi,,,Overall,86,0.5116279069767442,0.1511627906976744,0.3372093023255814
Andrea Collarini,,,Overall,52,0.38461538461538464,0.2692307692307692,0.34615384615384615
Andrea Gaudenzi,,,Overall,244,0.46311475409836067,0.21721311475409835,0.319672131147541
Andrea Pellegrino,,,Overall,135,0.45925925925925926,0.23703703703703705,0.3037037037037037
Andrea Vavassori,,,Overall,323,0.4891640866873065,0.07739938080495357,0.43343653250773995
Andreas Haider Maurer,,,Overall,343,0.41690962099125367,0.14285714285714285,0.4402332361516035
Andreas Seppi,,,Overall,2304,0.4826388888888889,0.046440972222222224,0.4709201388888889
Andreas Vinciguerra,,,Overall,61,0.4262295081967213,0.08196721311475409,0.4918032786885246
Andrei Cherkasov,,,Overall,237,0.41350210970464135,0.16033755274261605,0.42616033755274263
Andrei Chesnokov,,,Overall,1281,0.4527712724434036,0.20062451209992194,0.34660421545667447
Andrei Medvedev,,,Overall,872,0.5951834862385321,0.06192660550458716,0.34288990825688076
Andrei Pavel,,,Overall,613,0.49592169657422513,0.05057096247960848,0.4535073409461664
Andrei Stoliarov,,,Overall,98,0.3877551020408163,0.19387755102040816,0.41836734693877553
Andrej Martin,,,Overall,170,0.4235294117647059,0.11176470588235295,0.4647058823529412
Andres Gomez,,,Overall,628,0.42356687898089174,0.044585987261146494,0.5318471337579618
Andrew Castle,,,Overall,122,0.39344262295081966,0.14754098360655737,0.45901639344262296
Andrew Foster,,,Overall,86,0.45348837209302323,0.06976744186046512,0.47674418604651164
Andrew Harris,,,Overall,55,0.34545454545454546,0.09090909090909091,0.5636363636363636
Andrey Golubev,,,Overall,297,0.5084175084175084,0.11447811447811448,0.3771043771043771
Andrey Kuznetsov,,,Overall,235,0.3872340425531915,0.15319148936170213,0.4595744680851064
Andrey Rublev,,,Overall,12474,0.4775533108866442,0.04449254449254449,0.47795414462081126
Andy Murray,,,Overall,21069,0.4699321277706583,0.07902605724049551,0.45104181498884616
Andy Roddick,,,Overall,9680,0.44194214876033056,0.0743801652892562,0.4836776859504132
Ante Pavic,,,Overall,81,0.4691358024691358,0.08641975308641975,0.4444444444444444
Antoine Bellier,,,Overall,119,0.46218487394957986,0.12605042016806722,0.4117647058823529
Antoine Escoffier,,,Overall,133,0.45112781954887216,0.17293233082706766,0.37593984962406013
Antoine Hoang,,,Overall,47,0.40425531914893614,0.1276595744680851,0.46808510638297873
Antonio Veic,,,Overall,53,0.41509433962264153,0.07547169811320754,0.5094339622641509
Aristotelis Thanos,,,Overall,47,0.3829787234042553,0.23404255319148937,0.3829787234042553
Arklon Huertas Del Pino,,,Overall,83,0.4939759036144578,0.25301204819277107,0.25301204819277107
Arnaud Boetsch,,,Overall,227,0.3436123348017621,0.14096916299559473,0.5154185022026432
Arnaud Clement,,,Overall,1106,0.5036166365280289,0.06419529837251356,0.4321880650994575
Arnaud Di Pasquale,,,Overall,57,0.5614035087719298,0.10526315789473684,0.3333333333333333
Arthur Ashe,,,Overall,393,0.4910941475826972,0.06361323155216285,0.44529262086513993
Arthur Cazaux,,,Overall,1003,0.4965104685942173,0.040877367896311065,0.4626121635094716
Arthur Fery,,,Overall,207,0.5362318840579711,0.0966183574879227,0.3671497584541063
Arthur Fils,,,Overall,4083,0.5395542493264757,0.05094293411707078,0.4095028165564536
Arthur Rinderknech,,,Overall,1557,0.45215157353885677,0.10340398201669879,0.4444444444444444
Aslan Karatsev,,,Overall,2307,0.5006501950585176,0.13090593844820111,0.3684438664932813
Attila Balazs,,,Overall,303,0.43564356435643564,0.1617161716171617,0.40264026402640263
Axel Michon,,,Overall,51,0.43137254901960786,0.0196078431372549,0.5490196078431373
Balazs Taroczy,,,Overall,145,0.4413793103448276,0.1793103448275862,0.3793103448275862
Baptiste Crepatte,,,Overall,102,0.49019607843137253,0.09803921568627451,0.4117647058823529
Beibit Zhukayev,,,Overall,109,0.41284403669724773,0.08256880733944955,0.5045871559633027
Ben Shelton,,,Overall,3769,0.4844786415494826,0.13955956487131865,0.37596179357919873
Benjamin Balleret,,,Overall,45,0.6666666666666666,0.1111111111111111,0.2222222222222222
Benjamin Becker,,,Overall,201,0.36318407960199006,0.11442786069651742,0.5223880597014925
Benjamin Bonzi,,,Overall,937,0.4429028815368196,0.08751334044823907,0.4695837780149413
Benjamin Hassan,,,Overall,62,0.6129032258064516,0.11290322580645161,0.27419354838709675
Benoit Paire,,,Overall,3525,0.5790070921985816,0.05673758865248227,0.36425531914893616
Bernabe Zapata Miralles,,,Overall,796,0.5301507537688442,0.1092964824120603,0.36055276381909546
Bernard Tomic,,,Overall,2434,0.5550534100246508,0.07888249794576828,0.36606409202958096
Bill Scanlon,,,Overall,89,0.550561797752809,0.06741573033707865,0.38202247191011235
Billy Harris,,,Overall,167,0.5449101796407185,0.11377245508982035,0.3413173652694611
Bjorn Borg,,,Overall,1938,0.49226006191950467,0.08410732714138287,0.4236326109391125
Bjorn Fratangelo,,,Overall,109,0.3761467889908257,0.10091743119266056,0.5229357798165137
Bjorn Phau,,,Overall,146,0.4383561643835616,0.14383561643835616,0.4178082191780822
Blaz Kavcic,,,Overall,317,0.4605678233438486,0.12302839116719243,0.416403785488959
Blaz Rola,,,Overall,151,0.5298013245033113,0.039735099337748346,0.4304635761589404
Bob Bryan,,,Overall,59,0.4067796610169492,0.11864406779661017,0.4745762711864407
Bobby Reynolds,,,Overall,90,0.4,0.022222222222222223,0.5777777777777777
Bohdan Ulihrach,,,Overall,75,0.49333333333333335,0.04,0.4666666666666667
Boris Becker,,,Overall,14556,0.44737565265182744,0.10586699642759,0.44675735092058255
Borna Coric,,,Overall,3702,0.457590491626148,0.05672609400324149,0.48568341437061047
Borna Gojo,,,Overall,111,0.4594594594594595,0.12612612612612611,0.4144144144144144
Botic Van De Zandschulp,,,Overall,8629,0.39599026538416965,0.13431452080194692,0.4696952138138834
Brad Gilbert,,,Overall,642,0.4968847352024922,0.06542056074766354,0.43769470404984423
Bradley Klahn,,,Overall,130,0.4230769230769231,0.03076923076923077,0.5461538461538461
Brandon Holt,,,Overall,143,0.32867132867132864,0.14685314685314685,0.5244755244755245
Brandon Nakashima,,,Overall,2760,0.527536231884058,0.0677536231884058,0.4047101449275362
Brayden Schnur,,,Overall,487,0.5379876796714579,0.06981519507186858,0.3921971252566735
Brian Battistone,,,Overall,74,0.5405405405405406,0.21621621621621623,0.24324324324324326
Brian Gottfried,,,Overall,138,0.4782608695652174,0.07971014492753623,0.4420289855072464
Brian Teacher,,,Overall,99,0.3434343434343434,0.5757575757575758,0.08080808080808081
Bruno Kuzuhara,,,Overall,158,0.4177215189873418,0.15822784810126583,0.4240506329113924
Bu Yunchaokete,,,Overall,254,0.46062992125984253,0.1220472440944882,0.41732283464566927
Byron Black,,,Overall,133,0.37593984962406013,0.10526315789473684,0.518796992481203
Cameron Norrie,,,Overall,3479,0.49468237999425124,0.08508192009198046,0.4202356999137683
Camilo Ugo Carabelli,,,Overall,753,0.32138114209827356,0.22576361221779548,0.45285524568393093
Carlos Alcaraz,,,Overall,16040,0.4759351620947631,0.17231920199501247,0.35174563591022445
Carlos Berlocq,,,Overall,600,0.46166666666666667,0.19,0.34833333333333333
Carlos Costa,,,Overall,149,0.5369127516778524,0.12751677852348994,0.33557046979865773
Carlos Eduardo Severino,,,Overall,63,0.23809523809523808,0.25396825396825395,0.5079365079365079
Carlos Gimeno Valero,,,Overall,40,0.2,0.675,0.125
Carlos Moya,,,Overall,2855,0.49772329246935204,0.16637478108581435,0.33590192644483363
Carlos Taberner,,,Overall,232,0.3706896551724138,0.14655172413793102,0.4827586206896552
Casper Ruud,,,Overall,11957,0.500459981600736,0.08221125700426528,0.41732876139499875
Cedric Pioline,,,Overall,1283,0.45908028059236167,0.1402961808261886,0.4006235385814497
Cedrik Marcel Stebe,,,Overall,58,0.4827586206896552,0.08620689655172414,0.43103448275862066
Cem Ilkel,,,Overall,198,0.4696969696969697,0.07575757575757576,0.45454545454545453
Charles Broom,,,Overall,90,0.34444444444444444,0.17777777777777778,0.4777777777777778
Chase Buchanan,,,Overall,62,0.5161290322580645,0.08064516129032258,0.4032258064516129
Chieh Fu Wang,,,Overall,41,0.4634146341463415,0.12195121951219512,0.4146341463414634
Chris Guccione,,,Overall,103,0.44660194174757284,0.05825242718446602,0.49514563106796117
Chris Lewis,,,Overall,256,0.41796875,0.04296875,0.5390625
Chris Woodruff,,,Overall,336,0.4732142857142857,0.07142857142857142,0.45535714285714285
Christian Bergstrom,,,Overall,69,0.4057971014492754,0.2318840579710145,0.36231884057971014
Christian Harrison,,,Overall,54,0.5,0.12962962962962962,0.37037037037037035
Christian Saceanu,,,Overall,106,0.3490566037735849,0.20754716981132076,0.44339622641509435
Christoph Negritu,,,Overall,65,0.5692307692307692,0.06153846153846154,0.36923076923076925
Christophe Roger Vasselin,,,Overall,54,0.5925925925925926,0.05555555555555555,0.35185185185185186
Christopher Eubanks,,,Overall,1333,0.536384096024006,0.04426106526631658,0.41935483870967744
Christopher Heyman,,,Overall,44,0.38636363636363635,0.20454545454545456,0.4090909090909091
Christopher Oconnell,,,Overall,1347,0.4357832219747587,0.03711952487008166,0.5270972531551597
Chun Hsin Tseng,,,Overall,210,0.3952380952380952,0.08571428571428572,0.5190476190476191
Clement Chidekh,,,Overall,94,0.4787234042553192,0.07446808510638298,0.44680851063829785
Coleman Wong,,,Overall,234,0.4658119658119658,0.1282051282051282,0.405982905982906
Colton Smith,,,Overall,66,0.4090909090909091,0.2878787878787879,0.30303030303030304
Conner Huertas Del Pino,,,Overall,95,0.4421052631578947,0.24210526315789474,0.3157894736842105
Constant Lestienne,,,Overall,314,0.5254777070063694,0.04777070063694268,0.4267515923566879
Cooper Kose,,,Overall,51,0.3137254901960784,0.37254901960784315,0.3137254901960784
Cooper Williams,,,Overall,57,0.45614035087719296,0.15789473684210525,0.38596491228070173
Corentin Denolly,,,Overall,108,0.6481481481481481,0.027777777777777776,0.32407407407407407
Corentin Moutet,,,Overall,1779,0.3856098931984261,0.21585160202360876,0.39853850477796515
Corrado Barazzutti,,,Overall,47,0.2553191489361702,0.7021276595744681,0.0425531914893617
Cristian Garin,,,Overall,2090,0.48564593301435405,0.09712918660287082,0.4172248803827751
Dalibor Svrcina,,,Overall,141,0.4397163120567376,0.2127659574468085,0.3475177304964539
Damir Dzumhur,,,Overall,671,0.5454545454545454,0.10283159463487332,0.35171385991058124
Dan Goldie,,,Overall,115,0.34782608695652173,0.25217391304347825,0.4
Dan Martin,,,Overall,53,0.49056603773584906,0.20754716981132076,0.3018867924528302
Daniel Altmaier,,,Overall,1582,0.5139064475347661,0.03350189633375474,0.4525916561314791
Daniel Cox,,,Overall,43,0.23255813953488372,0.18604651162790697,0.5813953488372093
Daniel De Jonge,,,Overall,81,0.5679012345679012,0.07407407407407407,0.35802469135802467
Daniel Dutra Da Silva,,,Overall,203,0.3891625615763547,0.1330049261083744,0.47783251231527096
Daniel Elahi Galan,,,Overall,1342,0.45901639344262296,0.10804769001490314,0.43293591654247393
Daniel Evans,,,Overall,2468,0.4319286871961102,0.11061588330632091,0.4574554294975689
Daniel Gimeno Traver,,,Overall,252,0.4166666666666667,0.13095238095238096,0.4523809523809524
Daniel Kosakowski,,,Overall,60,0.4,0.2,0.4
Daniel Masur,,,Overall,47,0.3404255319148936,0.2765957446808511,0.3829787234042553
Daniel Michalski,,,Overall,132,0.4318181818181818,0.12121212121212122,0.44696969696969696
Daniel Nestor,,,Overall,75,0.37333333333333335,0.14666666666666667,0.48
Daniel Nguyen,,,Overall,77,0.4805194805194805,0.09090909090909091,0.42857142857142855
Daniel Rincon,,,Overall,49,0.5102040816326531,0.10204081632653061,0.3877551020408163
Daniel Smethurst,,,Overall,58,0.3275862068965517,0.3448275862068966,0.3275862068965517
Daniel Vacek,,,Overall,77,0.38961038961038963,0.07792207792207792,0.5324675324675324
Daniil Medvedev,,,Overall,20506,0.4906368867648493,0.04359699600117039,0.4657661172339803
Danilo Petrovic,,,Overall,63,0.4444444444444444,0.1746031746031746,0.38095238095238093
Darian King,,,Overall,54,0.48148148148148145,0.1111111111111111,0.4074074074074074
Dario Acosta,,,Overall,46,0.4782608695652174,0.15217391304347827,0.3695652173913043
Darren Cahill,,,Overall,156,0.4423076923076923,0.19230769230769232,0.36538461538461536
David Ferrer,,,Overall,5780,0.41038062283737026,0.1897923875432526,0.3998269896193772
David Goffin,,,Overall,5901,0.4836468395187256,0.06405693950177936,0.452296220979495
David Guez,,,Overall,51,0.49019607843137253,0.0196078431372549,0.49019607843137253
David Nalbandian,,,Overall,3979,0.4699673284744911,0.09148027142498115,0.43855240010052776
David Perez Sanz,,,Overall,41,0.5365853658536586,0.14634146341463414,0.3170731707317073
David Prinosil,,,Overall,78,0.34615384615384615,0.21794871794871795,0.4358974358974359
David Wheaton,,,Overall,649,0.4098613251155624,0.19106317411402157,0.39907550077041604
Davide Sanguinetti,,,Overall,158,0.5316455696202531,0.0949367088607595,0.37341772151898733
Denis Gremelmayr,,,Overall,78,0.5384615384615384,0.10256410256410256,0.358974358974359
Denis Istomin,,,Overall,803,0.46077210460772106,0.0859277708592777,0.4533001245330012
Denis Kudla,,,Overall,783,0.39080459770114945,0.13026819923371646,0.4789272030651341
Denis Shapovalov,,,Overall,6933,0.46458964373287176,0.07269580268282129,0.46271455358430696
Dennis Novak,,,Overall,378,0.43915343915343913,0.1164021164021164,0.4444444444444444
Dennis Novikov,,,Overall,56,0.48214285714285715,0.08928571428571429,0.42857142857142855
Derrick Rostagno,,,Overall,270,0.4222222222222222,0.16666666666666666,0.4111111111111111
Devin Britton,,,Overall,96,0.4375,0.052083333333333336,0.5104166666666666
Diego Hartfield,,,Overall,117,0.6581196581196581,0.08547008547008547,0.2564102564102564
Diego Schwartzman,,,Overall,3751,0.4462809917355372,0.16448946947480672,0.3892295387896561
Dimitar Kuzmanov,,,Overall,150,0.47333333333333333,0.07333333333333333,0.4533333333333333
Dino Prizmic,,,Overall,452,0.5575221238938053,0.13274336283185842,0.30973451327433627
Dmitry Popko,,,Overall,325,0.49538461538461537,0.12615384615384614,0.37846153846153846
Dmitry Tursunov,,,Overall,304,0.4967105263157895,0.039473684210526314,0.46381578947368424
Dominic Stricker,,,Overall,344,0.4622093023255814,0.046511627906976744,0.49127906976744184
Dominic Thiem,,,Overall,14286,0.49615007699846003,0.0622987540249195,0.44155116897662045
Dominik Hrbaty,,,Overall,369,0.4715447154471545,0.13821138211382114,0.3902439024390244
Dominik Koepfer,,,Overall,983,0.3916581892166836,0.23601220752797558,0.3723296032553408
Donald Young,,,Overall,234,0.43162393162393164,0.2094017094017094,0.358974358974359
Duck Hee Lee,,,Overall,50,0.44,0.06,0.5
Dudi Sela,,,Overall,409,0.5183374083129584,0.05867970660146699,0.4229828850855746
Duje Ajdukovic,,,Overall,84,0.3333333333333333,0.11904761904761904,0.5476190476190477
Dusan Lajovic,,,Overall,2702,0.5173945225758697,0.10473723168023687,0.37786824574389344
Dustin Brown,,,Overall,1138,0.44112478031634444,0.09578207381370826,0.46309314586994726
Dylan Dietrich,,,Overall,48,0.4375,0.125,0.4375
Dzmitry Zhyrmont,,,Overall,85,0.49411764705882355,0.08235294117647059,0.4235294117647059
Edouard Roger Vasselin,,,Overall,229,0.4585152838427948,0.15283842794759825,0.388646288209607
Eduardo Masso,,,Overall,101,0.48514851485148514,0.2079207920792079,0.3069306930693069
Eduardo Struvay,,,Overall,53,0.39622641509433965,0.09433962264150944,0.5094339622641509
Egor Gerasimov,,,Overall,778,0.5411311053984575,0.07840616966580977,0.38046272493573263
Elias Ymer,,,Overall,160,0.4875,0.13125,0.38125
Eliot Spizzirri,,,Overall,131,0.4198473282442748,0.19083969465648856,0.3893129770992366
Elliot Benchetrit,,,Overall,272,0.4264705882352941,0.14705882352941177,0.4264705882352941
Elmer Moller,,,Overall,423,0.39243498817966904,0.19621749408983452,0.41134751773049644
Emil Ruusuvuori,,,Overall,2960,0.36993243243243246,0.19324324324324324,0.43682432432432433
Emilio Gomez,,,Overall,174,0.4827586206896552,0.16091954022988506,0.3563218390804598
Emilio Nava,,,Overall,380,0.48947368421052634,0.14473684210526316,0.36578947368421055
Emilio Sanchez,,,Overall,336,0.45535714285714285,0.13988095238095238,0.40476190476190477
Enzo Couacaud,,,Overall,218,0.3944954128440367,0.10091743119266056,0.5045871559633027
Ergi Kirkin,,,Overall,68,0.3235294117647059,0.3088235294117647,0.36764705882352944
Ernesto Escobedo,,,Overall,64,0.5,0.0625,0.4375
Ernests Gulbis,,,Overall,1343,0.4653760238272524,0.11243484735666419,0.4221891288160834
Ethan Quinn,,,Overall,509,0.37524557956778,0.14341846758349705,0.481335952848723
Evan Furness,,,Overall,59,0.4067796610169492,0.1864406779661017,0.4067796610169492
Evan King,,,Overall,106,0.49056603773584906,0.03773584905660377,0.4716981132075472
Evan Zhu,,,Overall,58,0.39655172413793105,0.3448275862068966,0.25862068965517243
Evgeny Donskoy,,,Overall,336,0.5,0.09821428571428571,0.4017857142857143
Evgeny Korolev,,,Overall,42,0.3333333333333333,0.14285714285714285,0.5238095238095238
Fabian Marozsan,,,Overall,1464,0.4808743169398907,0.10314207650273224,0.41598360655737704
Fabio Fognini,,,Overall,3217,0.4473111594653404,0.12402859807273858,0.428660242461921
Fabrice Santoro,,,Overall,982,0.5203665987780041,0.08961303462321792,0.390020366598778
Facundo Arguello,,,Overall,60,0.38333333333333336,0.25,0.36666666666666664
Facundo Bagnis,,,Overall,434,0.35714285714285715,0.1359447004608295,0.5069124423963134
Facundo Diaz Acosta,,,Overall,284,0.3873239436619718,0.16549295774647887,0.4471830985915493
Facundo Mena,,,Overall,54,0.5185185185185185,0.3333333333333333,0.14814814814814814
Farrukh Dustov,,,Overall,141,0.4326241134751773,0.16312056737588654,0.40425531914893614
Federico Agustin Gomez,,,Overall,42,0.6190476190476191,0.14285714285714285,0.23809523809523808
Federico Arnaboldi,,,Overall,45,0.4888888888888889,0.15555555555555556,0.35555555555555557
Federico Cina,,,Overall,221,0.4841628959276018,0.1493212669683258,0.3665158371040724
Federico Coria,,,Overall,669,0.4484304932735426,0.10612855007473841,0.445440956651719
Federico Delbonis,,,Overall,1379,0.4423495286439449,0.17331399564902103,0.3843364757070341
Federico Gaio,,,Overall,123,0.4634146341463415,0.08943089430894309,0.44715447154471544
Federico Luzzi,,,Overall,89,0.4943820224719101,0.24719101123595505,0.25842696629213485
Feliciano Lopez,,,Overall,4465,0.4474804031354983,0.09585666293393057,0.4566629339305711
Felix Auger Aliassime,,,Overall,7359,0.4802282918874847,0.07487430357385515,0.44489740453866017
Felix Mantilla,,,Overall,443,0.5620767494356659,0.18510158013544017,0.2528216704288939
Fernando Gonzalez,,,Overall,4172,0.48609779482262705,0.0764621284755513,0.43744007670182167
Fernando Meligeni,,,Overall,61,0.32786885245901637,0.21311475409836064,0.45901639344262296
Fernando Romboli,,,Overall,46,0.391304347826087,0.1956521739130435,0.41304347826086957
Fernando Verdasco,,,Overall,3798,0.471563981042654,0.10689836756187467,0.4215376513954713
Fernon Wibier,,,Overall,93,0.3333333333333333,0.23655913978494625,0.43010752688172044
Filip Bergevi,,,Overall,71,0.5352112676056338,0.08450704225352113,0.38028169014084506
Filip Cristian Jianu,,,Overall,63,0.47619047619047616,0.14285714285714285,0.38095238095238093
Filip Dewulf,,,Overall,117,0.42735042735042733,0.11965811965811966,0.452991452991453
Filip Horansky,,,Overall,49,0.3673469387755102,0.12244897959183673,0.5102040816326531
Filip Krajinovic,,,Overall,1618,0.46909765142150806,0.06180469715698393,0.46909765142150806
Filip Misolic,,,Overall,418,0.39952153110047844,0.07416267942583732,0.5263157894736842
Filippo Volandri,,,Overall,395,0.41012658227848103,0.30886075949367087,0.2810126582278481
Fitriadi M Rifqi,,,Overall,46,0.5869565217391305,0.1956521739130435,0.21739130434782608
Flavio Cobolli,,,Overall,1685,0.5002967359050445,0.07181008902077152,0.42789317507418395
Flavio Saretta,,,Overall,129,0.4418604651162791,0.14728682170542637,0.4108527131782946
Florent Serra,,,Overall,72,0.5555555555555556,0.09722222222222222,0.3472222222222222
Florian Mayer,,,Overall,609,0.42036124794745483,0.1592775041050903,0.42036124794745483
Frances Tiafoe,,,Overall,3479,0.451279103190572,0.09198045415349239,0.4567404426559356
Francesco Maestrelli,,,Overall,77,0.5324675324675324,0.14285714285714285,0.3246753246753247
Francesco Passaro,,,Overall,141,0.46099290780141844,0.16312056737588654,0.375886524822695
Francisco Cerundolo,,,Overall,3143,0.47756920139993636,0.16162901686286987,0.36080178173719374
Francisco Clavet,,,Overall,196,0.45408163265306123,0.25,0.29591836734693877
Francisco Comesana,,,Overall,609,0.3727422003284072,0.07717569786535304,0.5500821018062397
Francisco Llanes,,,Overall,47,0.3617021276595745,0.14893617021276595,0.48936170212765956
Franco Skugor,,,Overall,58,0.5172413793103449,0.034482758620689655,0.4482758620689655
Franco Squillari,,,Overall,160,0.3875,0.15,0.4625
Frank Dancevic,,,Overall,125,0.624,0.048,0.328
Gabriel Decamps,,,Overall,74,0.43243243243243246,0.20270270270270271,0.36486486486486486
Gabriel Diallo,,,Overall,1096,0.4607664233576642,0.11952554744525548,0.4197080291970803
Gabriel Markus,,,Overall,135,0.4444444444444444,0.2,0.35555555555555557
Gabriele Felline,,,Overall,57,0.17543859649122806,0.6140350877192983,0.21052631578947367
Gael Monfils,,,Overall,11039,0.4666183531116949,0.07020563456834858,0.46317601231995653
Galo Blanco,,,Overall,47,0.5319148936170213,0.0,0.46808510638297873
Gary Muller,,,Overall,117,0.4444444444444444,0.1623931623931624,0.39316239316239315
Gastao Elias,,,Overall,50,0.4,0.3,0.3
Gaston Etlis,,,Overall,154,0.5584415584415584,0.14935064935064934,0.2922077922077922
Gaston Gaudio,,,Overall,623,0.46709470304975925,0.08667736757624397,0.4462279293739968
Gavin Van Peperzeel,,,Overall,52,0.38461538461538464,0.057692307692307696,0.5576923076923077
Genaro Alberto Olivieri,,,Overall,58,0.46551724137931033,0.017241379310344827,0.5172413793103449
George Bastl,,,Overall,75,0.4266666666666667,0.09333333333333334,0.48
Gerald Melzer,,,Overall,44,0.45454545454545453,0.022727272727272728,0.5227272727272727
Germain Gigounon,,,Overall,60,0.38333333333333336,0.36666666666666664,0.25
Gianluca Mager,,,Overall,133,0.44360902255639095,0.07518796992481203,0.48120300751879697
Gianluigi Quinzi,,,Overall,109,0.5596330275229358,0.06422018348623854,0.3761467889908257
Gijs Brouwer,,,Overall,1105,0.4461538461538462,0.09230769230769231,0.46153846153846156
Gilles Arnaud Bailly,,,Overall,195,0.3076923076923077,0.2512820512820513,0.441025641025641
Gilles Muller,,,Overall,1223,0.4472608340147179,0.06377759607522486,0.48896156991005724
Gilles Simon,,,Overall,4465,0.4653975363941769,0.077491601343785,0.45711086226203806
Giorgio Galimberti,,,Overall,69,0.5072463768115942,0.2753623188405797,0.21739130434782608
Giovanni Lapentti,,,Overall,56,0.375,0.23214285714285715,0.39285714285714285
Giovanni Mpetshi Perricard,,,Overall,2541,0.4935064935064935,0.06493506493506493,0.44155844155844154
Giulio Zeppieri,,,Overall,255,0.5254901960784314,0.06666666666666667,0.40784313725490196
Goncalo Oliveira,,,Overall,207,0.5652173913043478,0.1111111111111111,0.32367149758454106
Gonzalo Escobar,,,Overall,102,0.4411764705882353,0.049019607843137254,0.5098039215686274
Gonzalo Lama,,,Overall,56,0.35714285714285715,0.23214285714285715,0.4107142857142857
Goran Ivanisevic,,,Overall,5329,0.48095327453556014,0.03865640833176956,0.4803903171326703
Govind Nanda,,,Overall,60,0.4,0.05,0.55
Greg Rusedski,,,Overall,1964,0.5162932790224033,0.09012219959266803,0.3935845213849287
Grega Zemlja,,,Overall,43,0.5581395348837209,0.046511627906976744,0.3953488372093023
Gregoire Barrere,,,Overall,917,0.5038167938931297,0.08724100327153762,0.4089422028353326
Grigor Dimitrov,,,Overall,12821,0.4817096950315888,0.0824428671710475,0.4358474377973637
Guido Andreozzi,,,Overall,153,0.5228758169934641,0.11764705882352941,0.35947712418300654
Guido Pella,,,Overall,1426,0.423562412342216,0.08695652173913043,0.4894810659186536
Guillermo Canas,,,Overall,436,0.3944954128440367,0.11926605504587157,0.48623853211009177
Guillermo Coria,,,Overall,1623,0.547751078250154,0.1170671595810228,0.33518176216882317
Guillermo Garcia Lopez,,,Overall,744,0.41397849462365593,0.17069892473118278,0.4153225806451613
Guillermo Vilas,,,Overall,517,0.4158607350096712,0.13152804642166344,0.4526112185686654
Gustavo Kuerten,,,Overall,4723,0.5250899851789117,0.04531018420495448,0.4295998306161338
Guy Den Ouden,,,Overall,300,0.4533333333333333,0.25333333333333335,0.29333333333333333
Guy Forget,,,Overall,1665,0.4,0.09789789789789789,0.5021021021021022
Hady Habib,,,Overall,89,0.30337078651685395,0.1348314606741573,0.5617977528089888
Hamad Medjedovic,,,Overall,738,0.3983739837398374,0.07181571815718157,0.5298102981029811
Harel Levy,,,Overall,125,0.496,0.128,0.376
Harold Mayot,,,Overall,47,0.5531914893617021,0.06382978723404255,0.3829787234042553
Harold Solomon,,,Overall,80,0.625,0.1125,0.2625
Harry Wendelken,,,Overall,183,0.4098360655737705,0.16393442622950818,0.4262295081967213
Hendrik Dreekmann,,,Overall,224,0.5580357142857143,0.08482142857142858,0.35714285714285715
Henri Laaksonen,,,Overall,270,0.5111111111111111,0.04814814814814815,0.44074074074074077
Henri Leconte,,,Overall,1451,0.3556168159889731,0.08959338387319091,0.554789800137836
Henri Squire,,,Overall,143,0.3706293706293706,0.17482517482517482,0.45454545454545453
Henrik Holm,,,Overall,175,0.49142857142857144,0.04,0.4685714285714286
Henrik Sundstrom,,,Overall,59,0.576271186440678,0.1016949152542373,0.3220338983050847
Henrique Rocha,,,Overall,116,0.4396551724137931,0.21551724137931033,0.3448275862068966
Henry Searle,,,Overall,115,0.5739130434782609,0.10434782608695652,0.3217391304347826
Hernan Casanova,,,Overall,69,0.43478260869565216,0.21739130434782608,0.34782608695652173
Hicham Arazi,,,Overall,77,0.5324675324675324,0.05194805194805195,0.4155844155844156
Hiroki Moriya,,,Overall,51,0.29411764705882354,0.29411764705882354,0.4117647058823529
Ho Gi Kang,,,Overall,43,0.3953488372093023,0.20930232558139536,0.3953488372093023
Holger Rune,,,Overall,5606,0.5128433820906172,0.0849090260435248,0.402247591865858
Horacio Zeballos,,,Overall,286,0.40559440559440557,0.0944055944055944,0.5
Hubert Hurkacz,,,Overall,24489,0.49989791334885053,0.047409040793825796,0.4526930458573237
Hugo Dellien,,,Overall,783,0.5363984674329502,0.10600255427841634,0.35759897828863346
Hugo Gaston,,,Overall,839,0.5303933253873659,0.12276519666269368,0.3468414779499404
Hugo Grenier,,,Overall,161,0.4472049689440994,0.13043478260869565,0.422360248447205
Hunter Reese,,,Overall,43,0.4883720930232558,0.27906976744186046,0.23255813953488372
Hyeon Chung,,,Overall,660,0.4106060606060606,0.1712121212121212,0.41818181818181815
Hyung Taik Lee,,,Overall,59,0.4915254237288136,0.0847457627118644,0.423728813559322
Ignacio Buse,,,Overall,154,0.474025974025974,0.03896103896103896,0.487012987012987
Igor Andreev,,,Overall,687,0.49199417758369723,0.055312954876273655,0.45269286754002913
Igor Sijsling,,,Overall,135,0.6148148148148148,0.13333333333333333,0.2518518518518518
Ilie Nastase,,,Overall,216,0.35185185185185186,0.0787037037037037,0.5694444444444444
Illya Marchenko,,,Overall,233,0.4248927038626609,0.07725321888412018,0.4978540772532189
Ilya Ivashka,,,Overall,840,0.45,0.17857142857142858,0.37142857142857144
Inaki Montes De La Torre,,,Overall,54,0.3333333333333333,0.2222222222222222,0.4444444444444444
Inigo Cervantes Huegun,,,Overall,179,0.36312849162011174,0.027932960893854747,0.6089385474860335
Irakli Labadze,,,Overall,133,0.37593984962406013,0.20300751879699247,0.42105263157894735
Ivan Dodig,,,Overall,262,0.366412213740458,0.1450381679389313,0.48854961832061067
Ivan Gakhov,,,Overall,88,0.3409090909090909,0.2840909090909091,0.375
Ivan Ivanov,,,Overall,52,0.4230769230769231,0.057692307692307696,0.5192307692307693
Ivan Lendl,,,Overall,11188,0.5185019663925634,0.06578476939578119,0.41571326421165533
Ivan Ljubicic,,,Overall,1447,0.4892881824464409,0.07256392536281962,0.43814789219073946
Ivo Heuberger,,,Overall,45,0.5555555555555556,0.06666666666666667,0.37777777777777777
Ivo Karlovic,,,Overall,3469,0.5272412799077544,0.06572499279331219,0.4070337272989334
Ivo Minar,,,Overall,84,0.34523809523809523,0.14285714285714285,0.5119047619047619
Izak Van Der Merwe,,,Overall,49,0.3469387755102041,0.20408163265306123,0.4489795918367347
J J Wolf,,,Overall,506,0.4782608695652174,0.09090909090909091,0.4308300395256917
Jack Brasington,,,Overall,120,0.35833333333333334,0.175,0.4666666666666667
Jack Draper,,,Overall,2080,0.4543269230769231,0.05432692307692308,0.4913461538461538
Jack Sock,,,Overall,1285,0.4132295719844358,0.1735408560311284,0.4132295719844358
Jacob Fearnley,,,Overall,275,0.41454545454545455,0.09454545454545454,0.4909090909090909
Jaime Faria,,,Overall,90,0.5666666666666667,0.0,0.43333333333333335
Jaime Yzaga,,,Overall,344,0.44476744186046513,0.125,0.43023255813953487
Jakob Hlasek,,,Overall,324,0.46296296296296297,0.13580246913580246,0.4012345679012346
Jakub Mensik,,,Overall,2142,0.5438842203548085,0.03361344537815126,0.42250233426704015
James Blake,,,Overall,3060,0.44477124183006533,0.10326797385620914,0.4519607843137255
James Duckworth,,,Overall,664,0.48042168674698793,0.0572289156626506,0.4623493975903614
James Mccabe,,,Overall,111,0.40540540540540543,0.16216216216216217,0.43243243243243246
James Trotter,,,Overall,55,0.32727272727272727,0.14545454545454545,0.5272727272727272
James Ward,,,Overall,194,0.422680412371134,0.0979381443298969,0.4793814432989691
Jamie Morgan,,,Overall,101,0.46534653465346537,0.07920792079207921,0.45544554455445546
Jan Choinski,,,Overall,284,0.4753521126760563,0.03169014084507042,0.49295774647887325
Jan Gunnarsson,,,Overall,86,0.313953488372093,0.22093023255813954,0.46511627906976744
Jan Hernych,,,Overall,56,0.44642857142857145,0.3392857142857143,0.21428571428571427
Jan Kodes,,,Overall,151,0.40397350993377484,0.12582781456953643,0.47019867549668876
Jan Kroslak,,,Overall,183,0.3825136612021858,0.1092896174863388,0.5081967213114754
Jan Kumstat,,,Overall,127,0.4330708661417323,0.06299212598425197,0.5039370078740157
Jan Lennard Struff,,,Overall,3396,0.5053003533568905,0.06537102473498234,0.4293286219081272
Jan Michael Gambill,,,Overall,129,0.4186046511627907,0.11627906976744186,0.46511627906976744
Jan Siemerink,,,Overall,269,0.42379182156133827,0.12639405204460966,0.44981412639405205
Janko Tipsarevic,,,Overall,2447,0.4078463424601553,0.09113199836534532,0.5010216591744994
Jannik Sinner,,,Overall,19479,0.519277170285949,0.0943580265927409,0.3863648031213101
Jared Donaldson,,,Overall,488,0.444672131147541,0.06557377049180328,0.48975409836065575
Jared Palmer,,,Overall,203,0.3103448275862069,0.30049261083743845,0.3891625615763547
Jarkko Nieminen,,,Overall,580,0.45517241379310347,0.15517241379310345,0.3896551724137931
Jarmere Jenkins,,,Overall,127,0.5039370078740157,0.11023622047244094,0.3858267716535433
Jason Jung,,,Overall,70,0.42857142857142855,0.3,0.2714285714285714
Jason Kubler,,,Overall,658,0.44680851063829785,0.09422492401215805,0.45896656534954405
Jason Stoltenberg,,,Overall,304,0.45394736842105265,0.10526315789473684,0.4407894736842105
Jaume Munar,,,Overall,2722,0.5407788390889052,0.1245407788390889,0.3346803820720059
Javier Barranco Cosano,,,Overall,70,0.35714285714285715,0.1,0.5428571428571428
Javier Sanchez,,,Overall,94,0.39361702127659576,0.010638297872340425,0.5957446808510638
Jay Clarke,,,Overall,81,0.4691358024691358,0.2345679012345679,0.2962962962962963
Jean Rene Lisnard,,,Overall,73,0.2602739726027397,0.2054794520547945,0.5342465753424658
Jean Yves Aubone,,,Overall,61,0.5081967213114754,0.16393442622950818,0.32786885245901637
Jeff Tarango,,,Overall,95,0.2736842105263158,0.25263157894736843,0.47368421052631576
Jelle Sels,,,Overall,521,0.5201535508637236,0.10940499040307101,0.3704414587332054
Jenson Brooksby,,,Overall,2260,0.46946902654867256,0.15,0.3805309734513274
Jeremy Chardy,,,Overall,1609,0.45494095711622123,0.14481044126786824,0.4002486016159105
Jeremy Jahn,,,Overall,166,0.4578313253012048,0.21084337349397592,0.3313253012048193
Jerome Kym,,,Overall,102,0.3627450980392157,0.1568627450980392,0.4803921568627451
Jerome Potier,,,Overall,55,0.4,0.03636363636363636,0.5636363636363636
Jerzy Janowicz,,,Overall,652,0.4049079754601227,0.2085889570552147,0.38650306748466257
Jesper De Jong,,,Overall,2431,0.4516659810777458,0.08144796380090498,0.46688605512134923
Jim Courier,,,Overall,4746,0.4692372524230931,0.1011378002528445,0.42962494732406237
Jimmy Arias,,,Overall,191,0.3507853403141361,0.09424083769633508,0.5549738219895288
Jimmy Connors,,,Overall,3557,0.39387123980882766,0.15068878268203542,0.4554399775091369
Jimmy Wang,,,Overall,164,0.2926829268292683,0.16463414634146342,0.5426829268292683
Jiri Hrebec,,,Overall,62,0.3548387096774194,0.08064516129032258,0.5645161290322581
Jiri Lehecka,,,Overall,4035,0.4835192069392813,0.10508054522924411,0.4114002478314746
Jiri Novak,,,Overall,1037,0.5168756027000965,0.10028929604628736,0.3828351012536162
Jiri Vanek,,,Overall,111,0.5405405405405406,0.08108108108108109,0.3783783783783784
Jiri Vesely,,,Overall,787,0.4142312579415502,0.15501905972045743,0.4307496823379924
Jo Wilfried Tsonga,,,Overall,6226,0.4804047542563444,0.0636042402826855,0.4559910054609701
Joachim Johansson,,,Overall,251,0.4820717131474104,0.06772908366533864,0.450199203187251
Joakim Nystrom,,,Overall,172,0.563953488372093,0.09302325581395349,0.3430232558139535
Joao Fonseca,,,Overall,3163,0.46917483401833704,0.10527979766044894,0.42554536832121403
Joao Menezes,,,Overall,137,0.39416058394160586,0.1897810218978102,0.41605839416058393
Joao Sousa,,,Overall,1280,0.52734375,0.13828125,0.334375
Joao Souza,,,Overall,56,0.39285714285714285,0.23214285714285715,0.375
Johan Kriek,,,Overall,236,0.4915254237288136,0.13559322033898305,0.3728813559322034
Johan Sebastien Tatlot,,,Overall,54,0.5,0.037037037037037035,0.46296296296296297
Johannes Haerteis,,,Overall,93,0.3978494623655914,0.17204301075268819,0.43010752688172044
John Isner,,,Overall,7682,0.4934912783129393,0.0738089039312679,0.43269981775579275
John Marks,,,Overall,126,0.4126984126984127,0.23015873015873015,0.35714285714285715
John Mcenroe,,,Overall,6516,0.4714548802946593,0.1387354205033763,0.3898096992019644
John Millman,,,Overall,1785,0.4801120448179272,0.09131652661064425,0.42857142857142855
John Newcombe,,,Overall,600,0.4866666666666667,0.04666666666666667,0.4666666666666667
